[gd_scene load_steps=8 format=3 uid="uid://0jk7qqutmbqj"]

[ext_resource type="Script" uid="uid://dde3871yfxfah" path="res://scripts/main_menu.gd" id="1_ekxnf"]
[ext_resource type="PackedScene" uid="uid://dro31wxbi680v" path="res://scenes/game_camera.tscn" id="1_l6cm7"]
[ext_resource type="PackedScene" uid="uid://dartuwkh4q1a7" path="res://scenes/domino_block.tscn" id="3_bqqt6"]

[sub_resource type="PhysicsMaterial" id="PhysicsMaterial_l6cm7"]

[sub_resource type="BoxShape3D" id="BoxShape3D_ekxnf"]
size = Vector3(40, 0.25, 16)

[sub_resource type="StandardMaterial3D" id="StandardMaterial3D_w55pu"]
albedo_color = Color(0.5264201, 0.3272072, 0.057221487, 1)
metallic_specular = 0.15

[sub_resource type="PlaneMesh" id="PlaneMesh_bqqt6"]
material = SubResource("StandardMaterial3D_w55pu")
size = Vector2(40, 16)

[node name="MainMenu" type="Node3D"]
script = ExtResource("1_ekxnf")

[node name="Camera3D" parent="." instance=ExtResource("1_l6cm7")]
transform = Transform3D(1, 0, 0, 0, 0.26927286, 0.96306396, 0, -0.96306396, 0.26927286, 0, 7.699459, 4.5392)

[node name="Splash" type="Node3D" parent="Camera3D"]

[node name="Label3D" type="Label3D" parent="Camera3D/Splash"]
transform = Transform3D(1, 0, 0, 0, 0.9999996, 0, 0, 0, 0.9999996, 0.36724663, 0.2760589, -1.7905731)
text = "Dominos"
font_size = 117

[node name="DominoBlock4" parent="Camera3D/Splash/Label3D" instance=ExtResource("3_bqqt6")]
transform = Transform3D(0.16708963, -0.0064002275, 0.17906733, 0, -0.24484366, -0.00875121, 0.1791817, 0.0059683127, -0.16698298, -1.815, 0.005, -0.18)
collision_layer = 0
freeze = true
value_t = 7
value_b = 6
rotation_speed = 0.5

[node name="MenuA" type="Node3D" parent="Camera3D"]

[node name="DominoBlock" parent="Camera3D/MenuA" instance=ExtResource("3_bqqt6")]
transform = Transform3D(-4.3711385e-08, -0.9999999, 0, 0.2692728, -1.1770289e-08, -0.9630638, 0.9630638, -4.2096854e-08, 0.2692728, -9.243469, 5.4352093, -9.16928)
collision_layer = 0
freeze = true
value_t = 0
value_b = 1
rotation_speed = 0.5

[node name="Label3D" type="Label3D" parent="Camera3D/MenuA/DominoBlock"]
transform = Transform3D(-0.0101638585, 0.2872744, 0.957794, -0.9996451, 0.020667449, -0.016806832, -0.02462338, -0.95762503, 0.28696233, 0.226076, -7.92217, 0.3882466)
text = "Start Game"
font_size = 312

[node name="DominoBlock2" parent="Camera3D/MenuA" instance=ExtResource("3_bqqt6")]
transform = Transform3D(-4.3711385e-08, -0.9999999, 0, 0.2692728, -1.1770289e-08, -0.9630638, 0.9630638, -4.2096854e-08, 0.2692728, -8.54847, 2.8638291, -8.450321)
collision_layer = 0
freeze = true
value_t = 0
value_b = 2
rotation_speed = 0.5

[node name="Label3D" type="Label3D" parent="Camera3D/MenuA/DominoBlock2"]
transform = Transform3D(-0.0101638585, 0.2872744, 0.957794, -0.9996451, 0.020667449, -0.016806832, -0.02462338, -0.95762503, 0.28696233, 0.28908834, -7.4962, 0.20287864)
text = "Continue"
font_size = 312

[node name="DominoBlock3" parent="Camera3D/MenuA" instance=ExtResource("3_bqqt6")]
transform = Transform3D(-4.3711385e-08, -0.9999999, 0, 0.2692728, -1.1770289e-08, -0.9630638, 0.9630638, -4.2096854e-08, 0.2692728, -8.19347, 0.4032011, -7.762329)
collision_layer = 0
freeze = true
value_t = 0
value_b = 3
rotation_speed = 0.5

[node name="Label3D" type="Label3D" parent="Camera3D/MenuA/DominoBlock3"]
transform = Transform3D(-0.0101638585, 0.2872744, 0.957794, -0.9996451, 0.020667449, -0.016806832, -0.02462338, -0.95762503, 0.28696233, 0.37776697, -6.7580833, -0.04987392)
text = "About"
font_size = 312

[node name="MenuAbout" type="Node3D" parent="Camera3D"]

[node name="DominoBlock" parent="Camera3D/MenuAbout" instance=ExtResource("3_bqqt6")]
transform = Transform3D(-4.3711385e-08, -0.9999999, 0, 0.2692728, -1.1770289e-08, -0.9630638, 0.9630638, -4.2096854e-08, 0.2692728, -9.243469, 5.4352093, -9.16928)
collision_layer = 0
freeze = true
value_t = 0
value_b = 1
rotation_speed = 0.5

[node name="Label3D" type="Label3D" parent="Camera3D/MenuAbout/DominoBlock"]
transform = Transform3D(-0.0101638585, 0.2872744, 0.957794, -0.9996451, 0.020667449, -0.016806832, -0.02462338, -0.95762503, 0.28696233, 0.226076, -7.92217, 0.3882466)
text = "Start Game"
font_size = 312

[node name="DominoBlock2" parent="Camera3D/MenuAbout" instance=ExtResource("3_bqqt6")]
transform = Transform3D(-4.3711385e-08, -0.9999999, 0, 0.2692728, -1.1770289e-08, -0.9630638, 0.9630638, -4.2096854e-08, 0.2692728, -8.54847, 2.8638291, -8.450321)
collision_layer = 0
freeze = true
value_t = 0
value_b = 2
rotation_speed = 0.5

[node name="Label3D" type="Label3D" parent="Camera3D/MenuAbout/DominoBlock2"]
transform = Transform3D(-0.0101638585, 0.2872744, 0.957794, -0.9996451, 0.020667449, -0.016806832, -0.02462338, -0.95762503, 0.28696233, 0.28908834, -7.4962, 0.20287864)
text = "Continue"
font_size = 312

[node name="DominoBlock3" parent="Camera3D/MenuAbout" instance=ExtResource("3_bqqt6")]
transform = Transform3D(-4.3711385e-08, -0.9999999, 0, 0.2692728, -1.1770289e-08, -0.9630638, 0.9630638, -4.2096854e-08, 0.2692728, -8.19347, 0.4032011, -7.762329)
collision_layer = 0
freeze = true
value_t = 0
value_b = 3
rotation_speed = 0.5

[node name="Label3D" type="Label3D" parent="Camera3D/MenuAbout/DominoBlock3"]
transform = Transform3D(-0.0101638585, 0.2872744, 0.957794, -0.9996451, 0.020667449, -0.016806832, -0.02462338, -0.95762503, 0.28696233, 0.37776697, -6.7580833, -0.04987392)
text = "About"
font_size = 312

[node name="Backdrop" type="StaticBody3D" parent="."]
transform = Transform3D(1, 0, 0, 0, 1, 0, 0, 0, 1, 0.036530018, 0.082410336, -0.19729328)
collision_layer = 4
physics_material_override = SubResource("PhysicsMaterial_l6cm7")

[node name="CollisionShape3D" type="CollisionShape3D" parent="Backdrop"]
shape = SubResource("BoxShape3D_ekxnf")

[node name="TableTop2" type="MeshInstance3D" parent="Backdrop"]
mesh = SubResource("PlaneMesh_bqqt6")
skeleton = NodePath("../..")
