[gd_scene load_steps=3 format=3 uid="uid://iwjbucy7qdj3"]

[ext_resource type="PackedScene" uid="uid://bpwmck6ndoo6o" path="res://scenes/domino_level.tscn" id="2_mjsmt"]
[ext_resource type="PackedScene" uid="uid://dartuwkh4q1a7" path="res://scenes/domino_block.tscn" id="4_a1sre"]

[node name="Level_5_2" type="Node3D"]

[node name="TableSpace" parent="." instance=ExtResource("2_mjsmt")]
next_level = "res://scenes/levels/level_5_3.tscn"

[node name="DominoBlock" parent="TableSpace" instance=ExtResource("4_a1sre")]
transform = Transform3D(1.9106855e-15, 4.3711392e-08, 1.0000001, 1, -4.3711392e-08, 0, 4.371139e-08, 1.0000001, -4.3711392e-08, 0.10102007, 0.4431497, 1.3360682)
face = "down"

[node name="DominoBlock9" parent="TableSpace" instance=ExtResource("4_a1sre")]
transform = Transform3D(1.9106855e-15, 4.3711392e-08, 1.0000001, 1, -4.3711392e-08, 0, 4.371139e-08, 1.0000001, -4.3711392e-08, 0.10102007, 0.95531785, 1.2171946)
face = "down"

[node name="DominoBlock4" parent="TableSpace" instance=ExtResource("4_a1sre")]
transform = Transform3D(-4.371139e-08, -1.0000001, 0, 1, -4.3711392e-08, 0, 0, 0, 1.0000001, 0.10102007, 0.4431497, -4.11455)
face = "down"

[node name="DominoBlock10" parent="TableSpace" instance=ExtResource("4_a1sre")]
transform = Transform3D(-4.371139e-08, -1.0000001, 0, 1, -4.3711392e-08, 0, 0, 0, 1.0000001, 0.101020046, 0.9428791, -4.11455)
face = "down"

[node name="DominoBlock11" parent="TableSpace" instance=ExtResource("4_a1sre")]
transform = Transform3D(-4.371139e-08, -1.0000001, 0, 1, -4.3711392e-08, 0, 0, 0, 1.0000001, 0.101020046, 0.9428791, -2.0350971)
face = "down"

[node name="DominoBlock12" parent="TableSpace" instance=ExtResource("4_a1sre")]
transform = Transform3D(-4.371139e-08, -1.0000001, 0, 1, -4.3711392e-08, 0, 0, 0, 1.0000001, 0.10102002, 1.4322723, -4.11455)

[node name="DominoBlock13" parent="TableSpace" instance=ExtResource("4_a1sre")]
transform = Transform3D(-4.371139e-08, -1.0000001, 0, 1, -4.3711392e-08, 0, 0, 0, 1.0000001, 0.10102002, 1.4322723, -2.0350971)

[node name="DominoBlock14" parent="TableSpace" instance=ExtResource("4_a1sre")]
transform = Transform3D(-4.371139e-08, -1.0000001, 0, 1, -4.3711392e-08, 0, 0, 0, 1.0000001, 0.10102002, 1.4322723, 0.01755476)

[node name="DominoBlock15" parent="TableSpace" instance=ExtResource("4_a1sre")]
transform = Transform3D(-4.371139e-08, -1.0000001, 0, 1, -4.3711392e-08, 0, 0, 0, 1.0000001, 0.10102002, 1.4322723, 2.0970078)

[node name="DominoBlock2" parent="TableSpace" instance=ExtResource("4_a1sre")]
transform = Transform3D(-3.090862e-08, -0.7071068, 0.7071068, 1, -4.3711392e-08, 0, 3.090862e-08, 0.7071068, 0.7071068, -2.2982624, 0.4431497, -0.9155028)
face = "down"

[node name="DominoBlock6" parent="TableSpace" instance=ExtResource("4_a1sre")]
transform = Transform3D(-3.090862e-08, -0.7071068, 0.7071068, 1, -4.3711392e-08, 0, 3.090862e-08, 0.7071068, 0.7071068, -5.137417, 0.4431495, 1.9236517)
face = "down"

[node name="DominoBlock3" parent="TableSpace" instance=ExtResource("4_a1sre")]
transform = Transform3D(-3.090862e-08, -0.70710677, -0.70710677, 1, -4.371139e-08, 0, -3.090862e-08, -0.70710677, 0.70710677, 2.5003083, 0.4431497, -0.9155028)
face = "down"

[node name="DominoBlock5" parent="TableSpace" instance=ExtResource("4_a1sre")]
transform = Transform3D(-3.090862e-08, -0.70710677, -0.70710677, 1, -4.371139e-08, 0, -3.090862e-08, -0.70710677, 0.70710677, 5.366122, 0.44314986, 1.9503105)
face = "down"

[node name="DominoBlock7" parent="TableSpace" instance=ExtResource("4_a1sre")]
transform = Transform3D(-3.090862e-08, -0.7071068, 0.7071068, 1, -4.3711392e-08, 0, 3.090862e-08, 0.7071068, 0.7071068, -4.0332565, 0.9496652, 0.73951507)

[node name="DominoBlock8" parent="TableSpace" instance=ExtResource("4_a1sre")]
transform = Transform3D(-3.090862e-08, -0.70710677, -0.70710677, 1, -4.371139e-08, 0, -3.090862e-08, -0.70710677, 0.70710677, 4.3229213, 0.94966567, 0.88045096)
