[gd_scene load_steps=10 format=3 uid="uid://dbnv5h7cjk01x"]

[ext_resource type="Script" uid="uid://b51uhpmrsglm" path="res://scripts/dominoes_level.gd" id="1_ynus7"]
[ext_resource type="PackedScene" uid="uid://dhamkvtbdtbed" path="res://scenes/capture_point.tscn" id="2_p2rv4"]
[ext_resource type="PackedScene" uid="uid://dro31wxbi680v" path="res://scenes/game_camera.tscn" id="3_endef"]
[ext_resource type="PackedScene" uid="uid://dartuwkh4q1a7" path="res://scenes/domino_block.tscn" id="4_8do0w"]
[ext_resource type="PackedScene" uid="uid://kb6wm8lyrkvh" path="res://scenes/hand_rack.tscn" id="5_y2kmx"]

[sub_resource type="PhysicsMaterial" id="PhysicsMaterial_5ildb"]

[sub_resource type="BoxShape3D" id="BoxShape3D_br6f8"]
size = Vector3(40, 0.25, 16)

[sub_resource type="StandardMaterial3D" id="StandardMaterial3D_1x550"]
albedo_color = Color(0.5264201, 0.3272072, 0.057221487, 1)
metallic_specular = 0.15

[sub_resource type="PlaneMesh" id="PlaneMesh_5ildb"]
material = SubResource("StandardMaterial3D_1x550")
size = Vector2(40, 16)

[node name="TableSpace" type="Node3D"]
script = ExtResource("1_ynus7")
next_level = "res://scenes/levels/level_6_3.tscn"

[node name="CapturePoint" parent="." instance=ExtResource("2_p2rv4")]
transform = Transform3D(1, 0, 0, 0, 1, 0, 0, 0, 1, 4.5219994, 0.25, 6.5)
collection_speed = 35.0

[node name="Camera3D" parent="." instance=ExtResource("3_endef")]
transform = Transform3D(1, 0, 0, 0, 0.26927286, 0.96306396, 0, -0.96306396, 0.26927286, 0, 8.933517, 4.1343374)

[node name="TableTop" type="StaticBody3D" parent="."]
transform = Transform3D(1, 0, 0, 0, 1, 0, 0, 0, 1, 0.036530018, 0.082410336, -0.19729328)
collision_layer = 4
physics_material_override = SubResource("PhysicsMaterial_5ildb")

[node name="CollisionShape3D" type="CollisionShape3D" parent="TableTop"]
shape = SubResource("BoxShape3D_br6f8")

[node name="TableTop2" type="MeshInstance3D" parent="TableTop"]
transform = Transform3D(1, 0, 0, 0, 1, 0, 0, 0, 1, -0.24062896, 0, 0)
mesh = SubResource("PlaneMesh_5ildb")
skeleton = NodePath("../..")

[node name="DominoBlock" parent="TableTop" instance=ExtResource("4_8do0w")]
transform = Transform3D(1.9106855e-15, 4.3711392e-08, 1.0000001, 1, -4.3711392e-08, 0, 4.371139e-08, 1.0000001, -4.3711392e-08, -3.6681497, 0.36073935, 2.2976613)

[node name="DominoBlock2" parent="TableTop" instance=ExtResource("4_8do0w")]
transform = Transform3D(1.9106855e-15, 4.3711392e-08, 1.0000001, 1, -4.3711392e-08, 0, 4.371139e-08, 1.0000001, -4.3711392e-08, 4.5469613, 0.36073935, 2.2976613)

[node name="DominoBlock3" parent="TableTop" instance=ExtResource("4_8do0w")]
transform = Transform3D(-4.3711392e-08, -1.0000001, 3.5527137e-15, 1, -4.3711395e-08, 1.5529405e-22, 2.1175824e-22, 3.5527137e-15, 1.0000001, 4.5469613, 0.36073935, -0.7026404)
face = "down"

[node name="DominoBlock4" parent="TableTop" instance=ExtResource("4_8do0w")]
transform = Transform3D(-4.3711392e-08, -1.0000001, 3.5527137e-15, 1, -4.3711395e-08, 1.5529405e-22, 2.1175824e-22, 3.5527137e-15, 1.0000001, 0.58227754, 0.36073935, -0.7026404)
face = "down"

[node name="DominoBlock5" parent="TableTop" instance=ExtResource("4_8do0w")]
transform = Transform3D(-4.3711392e-08, -1.0000001, 3.5527137e-15, 1, -4.3711395e-08, 1.5529405e-22, 2.1175824e-22, 3.5527137e-15, 1.0000001, -3.382408, 0.36073935, -0.7026404)
face = "down"

[node name="DominoBlock6" parent="TableTop" instance=ExtResource("4_8do0w")]
transform = Transform3D(-4.3711392e-08, -1.0000001, 3.5527137e-15, 1, -4.3711395e-08, 1.5529405e-22, 2.1175824e-22, 3.5527137e-15, 1.0000001, 4.5469613, 0.36073935, -2.7385597)
face = "down"

[node name="DominoBlock7" parent="TableTop" instance=ExtResource("4_8do0w")]
transform = Transform3D(-4.3711392e-08, -1.0000001, 3.5527137e-15, 1, -4.3711395e-08, 1.5529405e-22, 2.1175824e-22, 3.5527137e-15, 1.0000001, 0.58227754, 0.36073935, -2.7385597)
face = "down"

[node name="DominoBlock8" parent="TableTop" instance=ExtResource("4_8do0w")]
transform = Transform3D(-4.3711392e-08, -1.0000001, 3.5527137e-15, 1, -4.3711395e-08, 1.5529405e-22, 2.1175824e-22, 3.5527137e-15, 1.0000001, -3.6230369, 0.36073935, -2.7385597)
face = "down"

[node name="DominoBlock9" parent="TableTop" instance=ExtResource("4_8do0w")]
transform = Transform3D(-4.3711392e-08, -1.0000001, 3.5527137e-15, 1, -4.3711395e-08, 1.5529405e-22, 2.1175824e-22, 3.5527137e-15, 1.0000001, 4.550198, 0.86832213, -0.7026404)
face = "down"

[node name="DominoBlock10" parent="TableTop" instance=ExtResource("4_8do0w")]
transform = Transform3D(-4.3711392e-08, -1.0000001, 3.5527137e-15, 1, -4.3711395e-08, 1.5529405e-22, 2.1175824e-22, 3.5527137e-15, 1.0000001, 0.5855148, 0.86832213, -0.7026404)
face = "down"

[node name="DominoBlock11" parent="TableTop" instance=ExtResource("4_8do0w")]
transform = Transform3D(-4.3711392e-08, -1.0000001, 3.5527137e-15, 1, -4.3711395e-08, 1.5529405e-22, 2.1175824e-22, 3.5527137e-15, 1.0000001, -3.6197996, 0.86832213, -0.7026404)
face = "down"

[node name="DominoBlock19" parent="TableTop" instance=ExtResource("4_8do0w")]
transform = Transform3D(-3.004852e-08, -0.6874299, -0.7262509, 1, -4.37114e-08, 1.5529407e-22, -3.1745437e-08, -0.7262509, 0.6874299, -7.5722785, 0.34324813, -1.5470366)

[node name="DominoBlock20" parent="TableTop" instance=ExtResource("4_8do0w")]
transform = Transform3D(-3.004852e-08, -0.6874299, -0.7262509, 1, -4.37114e-08, 1.5529407e-22, -3.1745437e-08, -0.7262509, 0.6874299, -10.297722, 0.34324813, -4.4263926)

[node name="DominoBlock12" parent="TableTop" instance=ExtResource("4_8do0w")]
transform = Transform3D(-4.3711392e-08, -1.0000001, 3.5527137e-15, 1, -4.3711395e-08, 1.5529405e-22, 2.1175824e-22, 3.5527137e-15, 1.0000001, 4.550198, 0.86832213, -2.7385597)
face = "down"

[node name="DominoBlock13" parent="TableTop" instance=ExtResource("4_8do0w")]
transform = Transform3D(-4.3711392e-08, -1.0000001, 3.5527137e-15, 1, -4.3711395e-08, 1.5529405e-22, 2.1175824e-22, 3.5527137e-15, 1.0000001, 0.5855148, 0.86832213, -2.7385597)
face = "down"

[node name="DominoBlock15" parent="TableTop" instance=ExtResource("4_8do0w")]
transform = Transform3D(1.9106859e-15, 4.3711395e-08, 1.0000001, 1, -4.37114e-08, 1.5529406e-22, 4.3711395e-08, 1.0000001, -4.3711395e-08, 9.650524, 0.32236028, -4.04424)

[node name="DominoBlock17" parent="TableTop" instance=ExtResource("4_8do0w")]
transform = Transform3D(1.9106859e-15, 4.3711395e-08, 1.0000001, 1, -4.37114e-08, 1.5529406e-22, 4.3711395e-08, 1.0000001, -4.3711395e-08, 7.6146045, 0.32236028, -4.04424)

[node name="DominoBlock22" parent="TableTop" instance=ExtResource("4_8do0w")]
transform = Transform3D(1.9106859e-15, 4.3711395e-08, 1.0000001, 1, -4.37114e-08, 1.5529406e-22, 4.3711395e-08, 1.0000001, -4.3711395e-08, 3.6041582, 1.3914249, -1.6831524)

[node name="DominoBlock23" parent="TableTop" instance=ExtResource("4_8do0w")]
transform = Transform3D(1.9106859e-15, 4.3711395e-08, 1.0000001, 1, -4.37114e-08, 1.5529406e-22, 4.3711395e-08, 1.0000001, -4.3711395e-08, 1.4707615, 1.3914249, -1.6831524)

[node name="DominoBlock24" parent="TableTop" instance=ExtResource("4_8do0w")]
transform = Transform3D(1.9106859e-15, 4.3711395e-08, 1.0000001, 1, -4.37114e-08, 1.5529406e-22, 4.3711395e-08, 1.0000001, -4.3711395e-08, -0.52090335, 1.3914249, -1.6831524)

[node name="DominoBlock25" parent="TableTop" instance=ExtResource("4_8do0w")]
transform = Transform3D(1.9106859e-15, 4.3711395e-08, 1.0000001, 1, -4.37114e-08, 1.5529406e-22, 4.3711395e-08, 1.0000001, -4.3711395e-08, -2.5568225, 1.3914249, -1.6831524)

[node name="DominoBlock14" parent="TableTop" instance=ExtResource("4_8do0w")]
transform = Transform3D(-4.3711392e-08, -1.0000001, 3.5527137e-15, 1, -4.3711395e-08, 1.5529405e-22, 2.1175824e-22, 3.5527137e-15, 1.0000001, -3.6197996, 0.86832213, -2.7385597)
face = "down"

[node name="Hand" parent="." instance=ExtResource("5_y2kmx")]
transform = Transform3D(-4.371139e-08, 0, 1, 0, 1, 0, -1, 0, -4.371139e-08, -4.2261543, -0.75158834, 9.84432)
collection_speed = 50.0

[node name="DominoBlock" parent="Hand" instance=ExtResource("4_8do0w")]
transform = Transform3D(0.5969813, 0.8022552, -1.7616511e-08, -0.8022552, 0.5969813, -3.506769e-08, -1.7616507e-08, 3.506769e-08, 1, 3.4089298, 2.3598084, -2.7246194)
collision_layer = 2
collision_mask = 7

[node name="DominoBlock2" parent="Hand" instance=ExtResource("4_8do0w")]
transform = Transform3D(0.572419, 0.8016894, 0.17213629, -0.76190895, 0.5976252, -0.249678, -0.30303717, 0.011768229, 0.95290613, 3.1717398, 2.6172392, -1.4268975)
collision_layer = 2
collision_mask = 7

[node name="DominoBlock3" parent="Hand" instance=ExtResource("4_8do0w")]
transform = Transform3D(0.572419, 0.8016894, 0.17213629, -0.76190895, 0.5976252, -0.249678, -0.30303717, 0.011768229, 0.95290613, 2.7682006, 2.2117422, 0.16213417)
collision_layer = 2
collision_mask = 7

[node name="DominoBlock4" parent="Hand" instance=ExtResource("4_8do0w")]
transform = Transform3D(0.48666862, 0.84388196, 0.22586969, -0.78066015, 0.5361541, -0.32110554, -0.39207613, -0.020055499, 0.91971415, 2.408214, 2.2412744, 1.5622131)
collision_layer = 2
collision_mask = 7

[node name="DominoBlock5" parent="Hand" instance=ExtResource("4_8do0w")]
transform = Transform3D(0.48666862, 0.84388196, 0.22586969, -0.78066015, 0.5361541, -0.32110554, -0.39207613, -0.020055499, 0.91971415, 2.3657084, 2.2779675, 2.5944772)
collision_layer = 2
collision_mask = 7

[connection signal="child_exiting_tree" from="TableTop" to="." method="_on_table_top_child_exiting_tree"]
[connection signal="child_exiting_tree" from="Hand" to="." method="_on_hand_child_exiting_tree"]
