[gd_scene load_steps=3 format=3 uid="uid://b41j1jj5gbsjs"]

[ext_resource type="PackedScene" uid="uid://bpwmck6ndoo6o" path="res://scenes/domino_level.tscn" id="1_lope2"]
[ext_resource type="PackedScene" uid="uid://dartuwkh4q1a7" path="res://scenes/domino_block.tscn" id="4_lbkul"]

[node name="Level_4_3" type="Node3D"]

[node name="TableSpace" parent="." instance=ExtResource("1_lope2")]
next_level = "res://scenes/levels/level_5_1.tscn"

[node name="DominoBlock" parent="TableSpace" instance=ExtResource("4_lbkul")]
transform = Transform3D(-3.090862e-08, -0.7071067, 0.7071067, 1, -4.3711385e-08, 0, 3.090862e-08, 0.7071067, 0.7071067, -4.455328, 0.45864463, -0.74343276)
face = "down"

[node name="DominoBlock2" parent="TableSpace" instance=ExtResource("4_lbkul")]
transform = Transform3D(-3.090862e-08, -0.7071067, 0.7071067, 1, -4.3711385e-08, 0, 3.090862e-08, 0.7071067, 0.7071067, -1.4970665, 0.45864463, -0.74343276)
face = "down"

[node name="DominoBlock3" parent="TableSpace" instance=ExtResource("4_lbkul")]
transform = Transform3D(-3.090862e-08, -0.7071067, 0.7071067, 1, -4.3711385e-08, 0, 3.090862e-08, 0.7071067, 0.7071067, 1.4611931, 0.45864463, -0.74343276)
face = "down"

[node name="DominoBlock4" parent="TableSpace" instance=ExtResource("4_lbkul")]
transform = Transform3D(-3.090862e-08, -0.7071067, 0.7071067, 1, -4.3711385e-08, 0, 3.090862e-08, 0.7071067, 0.7071067, 4.4194527, 0.45864463, -0.74343276)
face = "down"

[node name="DominoBlock5" parent="TableSpace" instance=ExtResource("4_lbkul")]
transform = Transform3D(-3.090862e-08, -0.7071067, -0.7071067, 1, -4.3711385e-08, 0, -3.090862e-08, -0.7071067, 0.7071067, -2.9723806, 0.98868227, -0.74343276)
face = "down"

[node name="DominoBlock6" parent="TableSpace" instance=ExtResource("4_lbkul")]
transform = Transform3D(-3.090862e-08, -0.7071067, -0.7071067, 1, -4.3711385e-08, 0, -3.090862e-08, -0.7071067, 0.7071067, -0.014121056, 0.98868227, -0.74343276)
face = "down"

[node name="DominoBlock7" parent="TableSpace" instance=ExtResource("4_lbkul")]
transform = Transform3D(-3.090862e-08, -0.7071067, -0.7071067, 1, -4.3711385e-08, 0, -3.090862e-08, -0.7071067, 0.7071067, 2.9441383, 0.98868227, -0.74343276)
face = "down"

[node name="DominoBlock8" parent="TableSpace" instance=ExtResource("4_lbkul")]
transform = Transform3D(-3.090862e-08, -0.7071067, 0.7071067, 1, -4.3711385e-08, 0, 3.090862e-08, 0.7071067, 0.7071067, -1.4648476, 1.4825978, -0.74343276)

[node name="DominoBlock9" parent="TableSpace" instance=ExtResource("4_lbkul")]
transform = Transform3D(-3.090862e-08, -0.7071067, 0.7071067, 1, -4.3711385e-08, 0, 3.090862e-08, 0.7071067, 0.7071067, 1.4934118, 1.4825978, -0.74343276)
