[gd_scene load_steps=3 format=3 uid="uid://2iuoi7cib85h"]

[ext_resource type="PackedScene" uid="uid://bpwmck6ndoo6o" path="res://scenes/domino_level.tscn" id="2_41iwy"]
[ext_resource type="PackedScene" uid="uid://dartuwkh4q1a7" path="res://scenes/domino_block.tscn" id="4_cdemx"]

[node name="Level_5_1" type="Node3D"]

[node name="TableSpace" parent="." instance=ExtResource("2_41iwy")]

[node name="DominoBlock" parent="TableSpace" instance=ExtResource("4_cdemx")]
transform = Transform3D(2.5861943e-10, 0.0059166052, 0.9999826, 1, -4.371139e-08, -6.735088e-18, 4.3710624e-08, 0.9999826, -0.0059166052, 0.10102007, 0.4431497, -0.19729328)
face = "down"

[node name="DominoBlock2" parent="TableSpace" instance=ExtResource("4_cdemx")]
transform = Transform3D(2.5861943e-10, 0.0059166052, 0.9999826, 1, -4.371139e-08, -6.735088e-18, 4.3710624e-08, 0.9999826, -0.0059166052, -0.13086775, 0.4431497, -4.231744)
face = "down"

[node name="DominoBlock4" parent="TableSpace" instance=ExtResource("4_cdemx")]
transform = Transform3D(2.5861943e-10, 0.0059166052, 0.9999826, 1, -4.371139e-08, -6.735088e-18, 4.3710624e-08, 0.9999826, -0.0059166052, 2.332907, 0.4431497, -0.19729328)
face = "down"

[node name="DominoBlock5" parent="TableSpace" instance=ExtResource("4_cdemx")]
transform = Transform3D(2.5861943e-10, 0.0059166052, 0.9999826, 1, -4.371139e-08, -6.735088e-18, 4.3710624e-08, 0.9999826, -0.0059166052, 1.8691323, 0.4431497, -4.231744)
face = "down"

[node name="DominoBlock6" parent="TableSpace" instance=ExtResource("4_cdemx")]
transform = Transform3D(2.5861943e-10, 0.0059166052, 0.9999826, 1, -4.371139e-08, -6.735088e-18, 4.3710624e-08, 0.9999826, -0.0059166052, -2.1308677, 0.4431497, -0.19729328)
face = "down"

[node name="DominoBlock7" parent="TableSpace" instance=ExtResource("4_cdemx")]
transform = Transform3D(2.5861943e-10, 0.0059166052, 0.9999826, 1, -4.371139e-08, -6.735088e-18, 4.3710624e-08, 0.9999826, -0.0059166052, -2.1308677, 0.4431497, -4.231744)
face = "down"

[node name="DominoBlock8" parent="TableSpace" instance=ExtResource("4_cdemx")]
transform = Transform3D(2.5861943e-10, 0.0059166052, 0.9999826, 1, -4.371139e-08, -6.735088e-18, 4.3710624e-08, 0.9999826, -0.0059166052, -4.236272, 0.4431497, -0.19729328)
face = "down"

[node name="DominoBlock11" parent="TableSpace" instance=ExtResource("4_cdemx")]
transform = Transform3D(2.5861943e-10, 0.0059166052, 0.9999826, 1, -4.371139e-08, -6.735088e-18, 4.3710624e-08, 0.9999826, -0.0059166052, 3.869132, 0.4431497, -4.231744)
face = "down"

[node name="DominoBlock12" parent="TableSpace" instance=ExtResource("4_cdemx")]
transform = Transform3D(-2.195011e-08, -0.50215995, 0.8647749, 1, -4.3711395e-08, -3.842883e-15, 3.7800508e-08, 0.8647749, 0.50215995, 1.7885964, 0.9516257, -4.6104774)
face = "down"

[node name="DominoBlock13" parent="TableSpace" instance=ExtResource("4_cdemx")]
transform = Transform3D(-2.195011e-08, -0.50215995, 0.8647749, 1, -4.3711395e-08, -3.842883e-15, 3.7800508e-08, 0.8647749, 0.50215995, -0.16777492, 0.9516257, -0.7032759)
face = "down"

[node name="DominoBlock14" parent="TableSpace" instance=ExtResource("4_cdemx")]
transform = Transform3D(-2.195011e-08, -0.50215995, 0.8647749, 1, -4.3711395e-08, -3.842883e-15, 3.7800508e-08, 0.8647749, 0.50215995, 3.254072, 0.9516257, -1.0811388)
face = "down"

[node name="DominoBlock17" parent="TableSpace" instance=ExtResource("4_cdemx")]
transform = Transform3D(-1.0909671e-10, -0.0024958253, 0.99999696, 1, -4.3711385e-08, -1.7718986e-15, 4.3711243e-08, 0.99999696, 0.0024958253, 1.7814918, 1.4938258, -2.7781005)

[node name="DominoBlock19" parent="TableSpace" instance=ExtResource("4_cdemx")]
transform = Transform3D(-1.0909671e-10, -0.0024958253, 0.99999696, 1, -4.3711385e-08, -1.7718986e-15, 4.3711243e-08, 0.99999696, 0.0024958253, -1.9146996, 1.4938258, -1.1591761)

[node name="DominoBlock15" parent="TableSpace" instance=ExtResource("4_cdemx")]
transform = Transform3D(-2.195011e-08, -0.50215995, 0.8647749, 1, -4.3711395e-08, -3.842883e-15, 3.7800508e-08, 0.8647749, 0.50215995, -1.4311454, 0.9516257, -3.5578675)
face = "down"

[node name="DominoBlock16" parent="TableSpace" instance=ExtResource("4_cdemx")]
transform = Transform3D(1.9179643e-08, 0.43877894, 0.8985951, 1, -4.3711392e-08, -4.802654e-15, 3.927884e-08, 0.8985951, -0.43877894, -3.5363698, 0.9516257, 0.033388376)
face = "down"
