[gd_scene load_steps=3 format=3 uid="uid://dgpeo3llfep60"]

[ext_resource type="PackedScene" uid="uid://bpwmck6ndoo6o" path="res://scenes/domino_level.tscn" id="2_gvcq6"]
[ext_resource type="PackedScene" uid="uid://dartuwkh4q1a7" path="res://scenes/domino_block.tscn" id="4_a0tsa"]

[node name="Level_6_1" type="Node3D"]

[node name="TableSpace" parent="." instance=ExtResource("2_gvcq6")]
next_level = "res://scenes/levels/level_6_2.tscn"

[node name="DominoBlock" parent="TableSpace" instance=ExtResource("4_a0tsa")]
transform = Transform3D(2.8441605e-08, 0.6506682, 0.7593622, 1, -4.371139e-08, 1.6306533e-15, 3.319278e-08, 0.7593622, -0.6506682, -10.780611, 0.4431497, 0.13588214)
face = "down"

[node name="DominoBlock2" parent="TableSpace" instance=ExtResource("4_a0tsa")]
transform = Transform3D(-3.319278e-08, -0.7593622, 0.65066826, 1, -4.371139e-08, 1.6306532e-15, 2.8441605e-08, 0.65066826, 0.7593622, -7.518362, 0.44314966, -1.2061154)
face = "down"

[node name="DominoBlock3" parent="TableSpace" instance=ExtResource("4_a0tsa")]
transform = Transform3D(2.8441605e-08, 0.6506682, 0.7593622, 1, -4.371139e-08, 1.6306533e-15, 3.319278e-08, 0.7593622, -0.6506682, -4.478839, 0.4431497, 0.16234928)
face = "down"

[node name="DominoBlock4" parent="TableSpace" instance=ExtResource("4_a0tsa")]
transform = Transform3D(-3.319278e-08, -0.7593622, 0.65066826, 1, -4.371139e-08, 1.6306532e-15, 2.8441605e-08, 0.65066826, 0.7593622, -1.1394691, 0.4431497, -0.91360486)

[node name="DominoBlock5" parent="TableSpace" instance=ExtResource("4_a0tsa")]
transform = Transform3D(2.8441605e-08, 0.6506682, 0.7593622, 1, -4.371139e-08, 1.6306533e-15, 3.319278e-08, 0.7593622, -0.6506682, 1.5719947, 0.4431497, 0.80108535)

[node name="DominoBlock6" parent="TableSpace" instance=ExtResource("4_a0tsa")]
transform = Transform3D(-3.319278e-08, -0.7593622, 0.65066826, 1, -4.371139e-08, 1.6306532e-15, 2.8441605e-08, 0.65066826, 0.7593622, 4.6339226, 0.4431497, -0.5450126)
face = "down"

[node name="DominoBlock7" parent="TableSpace" instance=ExtResource("4_a0tsa")]
transform = Transform3D(2.8441605e-08, 0.6506682, 0.7593622, 1, -4.371139e-08, 1.6306533e-15, 3.319278e-08, 0.7593622, -0.6506682, 7.6597505, 0.4431497, 0.8351873)
face = "down"

[node name="DominoBlock8" parent="TableSpace" instance=ExtResource("4_a0tsa")]
transform = Transform3D(-3.319278e-08, -0.7593622, 0.65066826, 1, -4.371139e-08, 1.6306532e-15, 2.8441605e-08, 0.65066826, 0.7593622, 10.885389, 0.4431497, -0.5450126)
face = "down"

[node name="DominoBlock17" parent="TableSpace" instance=ExtResource("4_a0tsa")]
transform = Transform3D(1.9106855e-15, 4.3711385e-08, 0.99999994, 1, -4.3711385e-08, 0, 4.371139e-08, 0.99999994, -4.3711385e-08, 11.004074, 1.1332499, -2.137551)

[node name="DominoBlock18" parent="TableSpace" instance=ExtResource("4_a0tsa")]
transform = Transform3D(1.9106855e-15, 4.3711385e-08, 0.99999994, 1, -4.3711385e-08, 0, 4.371139e-08, 0.99999994, -4.3711385e-08, 7.8189964, 1.1332499, -0.54501295)

[node name="DominoBlock19" parent="TableSpace" instance=ExtResource("4_a0tsa")]
transform = Transform3D(1.9106855e-15, 4.3711385e-08, 0.99999994, 1, -4.3711385e-08, 0, 4.371139e-08, 0.99999994, -4.3711385e-08, 4.8187885, 1.1332499, -2.1107547)

[node name="DominoBlock22" parent="TableSpace" instance=ExtResource("4_a0tsa")]
transform = Transform3D(1.9106855e-15, 4.3711385e-08, 0.99999994, 1, -4.3711385e-08, 0, 4.371139e-08, 0.99999994, -4.3711385e-08, -4.3240285, 1.1332499, -1.5774935)

[node name="DominoBlock23" parent="TableSpace" instance=ExtResource("4_a0tsa")]
transform = Transform3D(1.9106855e-15, 4.3711385e-08, 0.99999994, 1, -4.3711385e-08, 0, 4.371139e-08, 0.99999994, -4.3711385e-08, -7.5367126, 1.1332499, -2.2399657)

[node name="DominoBlock24" parent="TableSpace" instance=ExtResource("4_a0tsa")]
transform = Transform3D(1.9106855e-15, 4.3711385e-08, 0.99999994, 1, -4.3711385e-08, 0, 4.371139e-08, 0.99999994, -4.3711385e-08, -10.939859, 1.1332499, -1.1381477)

[node name="DominoBlock9" parent="TableSpace" instance=ExtResource("4_a0tsa")]
transform = Transform3D(2.8441605e-08, 0.6506682, 0.7593622, 1, -4.371139e-08, 1.6306533e-15, 3.319278e-08, 0.7593622, -0.6506682, -10.674444, 0.4431497, -2.7306855)
face = "down"

[node name="DominoBlock10" parent="TableSpace" instance=ExtResource("4_a0tsa")]
transform = Transform3D(-3.319278e-08, -0.7593622, 0.65066826, 1, -4.371139e-08, 1.6306532e-15, 2.8441605e-08, 0.65066826, 0.7593622, -7.5777793, 0.44314966, -3.9308004)
face = "down"

[node name="DominoBlock11" parent="TableSpace" instance=ExtResource("4_a0tsa")]
transform = Transform3D(2.8441605e-08, 0.6506682, 0.7593622, 1, -4.371139e-08, 1.6306533e-15, 3.319278e-08, 0.7593622, -0.6506682, -4.425502, 0.4431497, -2.7658727)
face = "down"

[node name="DominoBlock12" parent="TableSpace" instance=ExtResource("4_a0tsa")]
transform = Transform3D(-3.319278e-08, -0.7593622, 0.65066826, 1, -4.371139e-08, 1.6306532e-15, 2.8441605e-08, 0.65066826, 0.7593622, -1.0408099, 0.4431497, -3.8457563)

[node name="DominoBlock13" parent="TableSpace" instance=ExtResource("4_a0tsa")]
transform = Transform3D(2.8441605e-08, 0.6506682, 0.7593622, 1, -4.371139e-08, 1.6306533e-15, 3.319278e-08, 0.7593622, -0.6506682, 1.8247147, 0.4431497, -2.1461008)

[node name="DominoBlock14" parent="TableSpace" instance=ExtResource("4_a0tsa")]
transform = Transform3D(-3.319278e-08, -0.7593622, 0.65066826, 1, -4.371139e-08, 1.6306532e-15, 2.8441605e-08, 0.65066826, 0.7593622, 4.7400894, 0.4431497, -3.4115803)
face = "down"

[node name="DominoBlock15" parent="TableSpace" instance=ExtResource("4_a0tsa")]
transform = Transform3D(2.8441605e-08, 0.6506682, 0.7593622, 1, -4.371139e-08, 1.6306533e-15, 3.319278e-08, 0.7593622, -0.6506682, 7.7659173, 0.4431497, -2.0313804)
face = "down"

[node name="DominoBlock16" parent="TableSpace" instance=ExtResource("4_a0tsa")]
transform = Transform3D(-3.319278e-08, -0.7593622, 0.65066826, 1, -4.371139e-08, 1.6306532e-15, 2.8441605e-08, 0.65066826, 0.7593622, 10.738651, 0.4431497, -3.4115803)
face = "down"
